%YAML 1.0
k_mat: !!opencv_matrix
	rows: 3
	cols: 3
	dt: d
	data: [614.7671727807868, 0, 327.5226064452396;
	       0, 615.4841046094149, 239.8579664395667;
	       0, 0, 1]
discoffes_mat: !!opencv_matrix
	rows: 5
	cols: 1
	dt: d
	data: [-0.1938681403538076, 0.7563811739262895, 0.000162325962263385,-0.0004300425070004425, -1.060887545143729]
camera_id:  0 #免驱相机id
debug:  1 #是否开启debug
width: 320 #图像宽度
height: 240 #图像高度
focal_length: 20 #相机焦距
